766
101
112
514
774
603
688
822
15
328
305
17
951
453
201
781
957
905
761
349
548
619
461
370
564
2
183
154
0
618
591
463
35
725
983
796
426
915
952
842
56
625
931
481
821
19
69
72
295
991
75
808
519
113
628
593
981
770
480
428
483
887
413
493
686
623
594
116
510
978
787
215
903
541
439
839
860
336
568
609
562
542
971
904
252
425
640
388
943
584
522
631
190
563
995
996
980
837
538
802
900
273
963
746
68
590
601
383
652
674
902
701
889
918
676
858
250
64
826
716
487
553
862
667
742
730
720
780
375
683
607
955
511
63
184
733
726
738
679
934
819
975
844
877
769
788
595
929
795
891
571
872
583
724
907
658
712
953
552
747
784
462
464
1001
503
579
645
748
890
588
806
506
638
807
587
693
985
827
691
549
537
420
694
