668
797
342
436
240
469
265
81
144
36
458
158
715
864
127
834
471
194
333
543
234
395
431
920
170
407
456
219
624
26
445
636
21
128
529
143
91
580
602
221
919
717
353
296
308
947
262
337
213
768
450
307
448
39
400
217
482
477
58
224
57
274
476
179
50
852
161
126
665
100
137
271
8
121
940
44
237
358
321
84
106
412
409
714
941
73
868
673
189
140
470
192
241
4
223
80
512
76
279
500
211
799
914
494
60
48
577
518
157
31
304
815
335
569
156
899
455
172
318
41
51
340
203
147
293
18
773
690
675
89
312
606
610
92
303
626
501
270
46
475
632
299
52
495
486
812
365
533
524
167
177
218
355
814
530
641
119
809
998
507
133
987
447
622
759
776
360
131
346
894
958
635
132
222
711
272
863
331
195
168
202
322
856
230
99
473
10
380
165
582
718
374
198
114
311
323
171
608
145
294
178
264
544
438
354
317
397
740
876
332
604
297
32
62
1000
115
197
246
284
572
684
61
124
965
879
110
430
460
497
976
561
242
620
408
888
648
917
536
269
298
830
351
678
