855
392
558
949
810
766
101
112
668
797
342
514
774
436
240
469
603
688
822
265
81
15
328
305
17
951
144
453
201
36
781
458
158
715
864
957
905
761
326
127
349
834
471
825
732
548
619
461
194
333
370
543
564
234
395
2
431
920
170
183
407
154
0
618
591
456
219
624
26
445
636
21
463
35
725
983
128
796
529
143
91
426
915
952
842
580
602
221
56
625
931
481
919
821
19
69
717
353
933
72
295
991
296
75
808
519
113
308
628
593
947
981
770
262
337
480
428
213
483
768
887
450
413
307
448
493
686
623
39
594
116
510
978
787
400
